age,patient_id
35,5889
11,6607
57,5751
66,8724
61,3578
53,4554
25,530
74,3430
19,1085
40,2557
81,3986
36,3043
51,4922
26,4381
37,6891
62,2951
26,8939
65,7173
74,2772
18,527
16,5377
30,5470
57,9818
79,8688
80,2168
84,7870
10,7854
17,4881
7,8781
1,3051
13,728
9,9795
38,1715
41,6082
1,6821
12,7078
55,7748
6,2297
10,5252
5,8475
27,9993
10,2661
64,9361
75,9443
44,2107
51,6569
57,9898
47,3537
35,2434
8,6793
20,2055
35,5793
79,5060
87,6177
48,1945
62,1868
13,9030
82,2435
7,9974
63,8575
34,7465
12,8123
12,1658
80,4978
41,3915
60,4955
7,8460
14,956
21,3404
68,5006
67,8772
22,592
73,1371
40,5927
23,9259
38,8642
70,2646
76,849
60,8024
61,2351
43,8190
81,8188
47,5669
38,3209
35,7158
53,5452
23,2001
30,8439
43,367
76,8878
16,3614
71,2913
71,9022
71,7585
72,5699
16,6689
40,8364
16,8891
21,6958
63,2366
47,9281
3,6265
4,833
64,5729
42,7832
70,3649
49,867
42,1676
26,3313
74,1016
47,7050
67,4904
6,8541
66,1610
28,9680
40,2310
9,6212
70,5322
57,7064
63,6687
7,6938
10,8889
16,9070
2,1711
76,5881
65,4123
42,9372
56,9524
87,8389
29,9853
88,4230
70,8653
27,470
33,7552
61,584
30,6955
7,6167
51,2780
48,60
2,7085
62,3090
62,3598
37,2231
86,5135
7,6942
41,8231
59,1167
1,4540
54,8377
43,5653
57,2267
52,4318
44,2795
30,493
48,2826
24,4772
26,7488
34,8180
46,9675
27,8977
63,779
12,6609
9,6676
41,7519
46,4933
49,4993
30,7239
90,6596
28,8916
27,4804
58,2665
70,430
92,4408
7,4586
73,7321
35,8970
16,5183
43,4064
83,4963
2,1634
43,4452
62,9900
25,487
61,3365
77,7838
25,7883
34,1890
57,8793
66,9787
26,2534
7,6665
29,983
3,8054
57,443
19,5301
67,4564
64,5946
43,1874
42,237
61,7785
56,2374
32,7126
68,3847
11,4695
66,371
61,5026
53,7264
41,4034
1,9002
66,9667
63,9763
36,3192
51,3846
3,8239
33,4735
27,4628
60,4575
4,2836
2,305
48,5982
4,1675
27,6071
40,6526
27,2648
47,7867
11,8502
78,4510
8,2599
7,7554
29,8187
20,5356
44,2371
28,7039
12,3532
20,3427
54,4915
33,4427
2,8644
9,9759
7,158
38,548
7,86
18,5389
43,2654
63,7637
50,4738
55,4132
69,3397
31,7152
40,3243
2,236
5,4686
46,2256
76,5153
40,7121
56,6981
70,5880
81,145
39,2633
42,5152
11,282
3,1137
75,3866
49,4731
48,6751
40,1482
66,2246
46,8612
2,3395
5,3932
54,1365
53,9117
30,7146
67,6998
14,3933
33,2176
63,1642
22,4249
78,6550
51,2161
52,4478
31,2806
2,2174
79,7922
23,9732
47,3782
54,7574
20,7486
67,8263
46,6846
83,476
16,3459
12,3164
51,7040
62,9504
20,9120
74,9697
27,7084
40,2980
73,6453
56,6660
50,5772
57,727
85,4548
31,1931
39,1928
9,3980
73,3450
4,4227
18,697
12,9138
50,1775
49,8825
55,4198
54,886
32,6892
46,9798
65,8990
54,1385
83,6227
43,8405
20,3582
80,4903
13,5938
60,1094
52,1217
60,1730
82,1107
77,2319
32,5800
79,5978
43,4425
3,7198
8,1306
52,2178
36,3657
4,612
27,9766
45,3386
75,1041
23,4947
8,4666
56,6718
43,1485
62,9131
23,8481
14,8631
11,9419
43,4742
45,4208
11,9691
53,9668
5,561
73,4482
31,486
54,3994
0,3567
23,1122
66,2308
2,2738
45,9027
35,6916
82,3931
83,150
38,7450
41,9938
35,7706
68,2233
78,2088
2,9754
30,7286
74,4168
93,5897
43,841
43,9833
49,5613
21,1582
47,5945
56,6017
67,8877
87,7515
27,5094
67,1475
5,9873
13,9091
2,1639
40,707
37,787
31,6178
14,3565
38,9934
31,9182
13,8867
33,3514
71,2353
60,9339
69,2148
27,6190
29,2950
7,2296
13,6141
27,9886
36,8750
78,4003
4,6238
0,1908
56,1189
34,4079
63,7214
75,124
60,9594
43,8972
76,8184
47,8830
38,5097
75,8962
62,5646
69,2029
37,970
14,4722
25,3519
31,8952
31,8673
16,1295
34,5321
43,710
0,6040
73,8802
58,6886
1,3618
23,370
19,7156
42,955
61,5666
40,6475
58,8494
8,6975
79,3539
42,9093
23,7433
1,1573
55,2175
23,7742
14,9055
19,218
37,5473
78,9595
22,6433
61,1060
22,9382
25,1432
80,8299
39,5158
32,2512
79,587
38,4906
61,7446
76,2360
65,4960
78,8501
55,3444
12,7474
5,1620
35,9995
35,939
28,583
29,698
21,9435
10,1233
62,9346
60,2805
54,7753
19,327
67,9100
36,8905
24,7885
48,334
55,7213
54,8872
13,4124
34,8003
4,3632
55,4528
52,9195
59,9799
72,5090
30,8846
42,1774
36,4059
30,5747
41,5404
7,5821
8,6185
61,7995
26,8705
62,4878
52,5683
36,6408
61,8161
37,8196
3,5432
25,8574
42,2076
12,9597
64,9215
38,1590
31,6246
66,5173
27,8039
26,262
10,8085
15,324
65,9109
30,3280
11,2054
80,3912
40,5086
52,3318
36,2418
9,4855
82,5371
32,8545
29,2324
69,9409
18,8815
58,6064
60,8930
65,7262
41,1486
94,2940
32,8181
84,5317
46,491
25,3240
42,6283
50,8303
69,1851
71,6790
61,3692
56,8300
76,914
89,2675
49,895
58,2925
32,3906
11,5799
39,5878
79,2170
8,2370
17,5493
18,7301
17,4583
53,557
17,880
81,9758
87,3451
38,6252
13,289
86,5885
51,3220
49,1990
32,4687
20,333
29,9440
74,9187
46,1132
84,4308
69,3158
0,859
75,403
31,1857
31,1778
34,455
3,6014
68,4939
53,9917
60,311
33,163
35,6375
38,6452
51,4213
21,9363
26,7516
30,4542
21,2181
36,9477
45,2773
73,1351
30,6772
84,397
59,2180
55,291
41,1068
79,4460
42,5784
13,6595
6,1553
69,6538
32,6500
26,8985
35,9049
69,9510
0,4926
71,7989
61,2585
85,896
23,6647
7,8230
51,5277
33,307
32,2546
21,1369
3,7111
4,9859
11,4412
39,3651
36,2428
34,8394
74,2429
27,5381
21,8442
26,9530
15,4952
8,5101
36,546
52,9015
56,431
18,9560
54,7091
47,8861
46,1574
49,6566
56,4087
9,4908
67,4588
22,5967
53,106
10,1307
66,5768
74,5217
83,2644
43,3711
4,224
40,3659
76,1476
19,3961
5,675
22,1500
71,539
7,4852
58,2912
46,581
69,2816
35,3162
37,2958
39,5625
20,5490
62,6987
27,916
54,1381
68,2505
52,165
25,6678
28,272
71,3342
53,7155
10,5658
53,5230
36,7599
21,893
25,4228
4,5297
38,4549
40,6994
4,9764
41,6504
64,3285
53,340
74,8551
28,9684
61,5672
51,8068
10,8722
44,133
3,4709
25,5474
28,5255
76,5237
78,4107
1,9033
73,2171
55,359
21,6156
12,2100
33,376
65,2228
14,2384
34,7982
57,6880
73,1204
25,5087
30,3178
89,2889
41,7058
59,7101
68,1943
41,6254
11,9776
67,256
54,4032
90,1278
16,2507
37,1479
14,1439
49,1966
44,411
73,2887
27,5130
27,6868
42,9125
61,4222
67,7744
59,5719
66,4325
58,1431
15,2236
76,9128
77,1763
32,9320
51,669
81,5944
42,3767
59,1889
1,1577
64,1251
74,3752
40,3471
84,1985
14,4204
74,1230
78,774
25,9979
90,6907
48,1691
54,4174
56,4506
26,7733
27,2036
17,9740
76,1512
45,2809
14,2801
85,7712
84,2341
77,5223
44,1709
11,6708
5,555
47,7932
27,8675
5,1993
38,4844
39,42
55,8935
4,4357
1,3747
23,7186
33,8906
46,8382
49,870
43,6147
50,4134
10,8378
29,9809
65,8339
40,2717
41,2920
71,8251
61,3970
39,5798
50,1067
79,3944
40,6983
9,1948
64,2445
36,1169
34,1387
18,7967
8,1690
30,1726
52,8537
45,4932
70,7673
47,3631
80,2972
45,335
33,6783
55,1158
52,3830
83,8395
17,8482
64,7232
62,5614
46,2282
79,5794
15,5276
17,1686
15,2378
77,6857
54,5619
45,6134
53,4442
4,5179
68,7521
15,2734
1,4893
75,3849
23,3495
34,293
6,9385
35,8862
25,9817
1,6469
15,824
37,5189
32,2167
42,3740
5,9118
0,5129
56,8423
69,1258
18,8896
3,6651
60,7313
21,5009
14,2636
49,5415
42,3834
52,5051
30,3377
56,3648
41,489
50,6712
54,6260
33,3319
16,4761
20,9901
15,1980
56,9723
47,7794
40,2201
5,7122
10,4416
65,9638
49,3247
74,4805
15,1866
70,650
58,4239
72,7603
35,7093
17,9227
55,2372
56,6812
28,2686
40,57
63,8471
7,8853
67,4441
45,47
25,7847
65,6
47,3064
38,3345
44,4371
40,8980
62,8129
5,2287
68,1337
86,5534
18,6478
67,1163
66,5540
31,6700
18,6740
70,8881
4,1685
30,5199
47,6322
42,111
16,5083
77,3684
31,6977
62,6216
66,932
35,9779
70,5549
0,3099
32,6735
36,6738
74,8951
40,3633
63,4159
10,828
0,7704
12,8731
54,1594
69,5532
44,9644
44,7547
48,12
54,9547
31,3812
3,329
5,1241
29,4938
5,2417
30,5399
43,147
13,619
18,6695
18,4578
34,7165
27,5644
5,8497
44,8715
29,9734
45,7203
20,4568
19,6762
14,2383
30,4566
48,5045
24,6979
93,7931
2,7933
13,1178
79,4837
52,5268
25,5323
70,8929
30,2237
61,3314
79,5210
52,2754
30,385
57,7209
44,7503
79,8155
27,2981
6,3132
15,1533
31,7600
41,2452
64,1495
70,7879
58,4498
67,6729
72,3591
17,4853
19,6057
0,3560
21,8355
22,3394
51,8925
73,4281
28,3810
74,3347
46,2704
21,508
21,7462
36,7361
39,7514
70,7246
65,9154
42,1396
50,8422
13,5792
21,9441
18,5840
90,5259
65,80
62,6533
60,7277
76,9379
40,9369
53,1339
13,8709
7,7811
2,7677
74,4078
30,5752
5,3079
70,27
81,8703
55,1523
55,2469
5,1670
39,9577
85,6896
